avg_array = [
-0.0266160127
-0.0258802193
-0.0250128164
-0.0239399691
-0.0227663597
-0.0216567021
-0.0208408256
-0.0203438692
-0.0196809674
-0.0185870047
-0.0174797351
-0.0166833582
-0.0159506276
-0.0151668130
-0.0146318592
-0.0142548919
-0.0136939922
-0.0131615226
-0.0128540313
-0.0123990150
-0.0117108233
-0.0110998854
-0.0104332511
-0.0096639491
-0.0091680003
-0.0087065959
-0.0079057670
-0.0071261079
-0.0064492834
-0.0056347964
-0.0049367461
-0.0044571745
-0.0038958734
-0.0032390997
-0.0026399558
-0.0018939398
-0.0008474837
0.0000848198
0.0006514797
0.0011630141
0.0017815474
0.0024145412
0.0030372365
0.0036218072
0.0040596219
0.0043177001
0.0045001446
0.0046384464
0.0047562697
0.0049335789
0.0051442831
0.0053459732
0.0055326884
0.0056845292
0.0057863408
0.0058239615
0.0058203798
0.0059408918
0.0061690170
0.0061573972
0.0059895632
0.0059341381
0.0057739174
0.0055855679
0.0057293961
0.0059192378
0.0058415812
0.0058360793
0.0060339816
0.0061911522
0.0062867022
0.0062953651
0.0062511239
0.0064629046
0.0069370135
0.0072835857
0.0075247134
0.0080354726
0.0086523223
0.0090720017
0.0094805842
0.0099355067
0.0103060220
0.0107146763
0.0111647253
0.0114117002
0.0115170717
0.0117731562
0.0121086088
0.0123269887
0.0124228045
0.0122955037
0.0119422062
0.0115671243
0.0112965970
0.0111478251
0.0108940952
0.0103555773
0.0098589953
0.0096551966
0.0094151045
0.0090469208
0.0090512789
0.0093617588
0.0094413028
0.0095942061
0.0102283834
0.0108371115
0.0112890282
0.0122217153
0.0135131592
0.0146310572
0.0158815801
0.0175255120
0.0191393571
0.0206095335
0.0223286836
0.0243112653
0.0262011356
0.0281584625
0.0304952276
0.0327779111
0.0347645803
0.0369707984
0.0393693286
0.0414563959
0.0434853453
0.0458976349
0.0483966719
0.0506496612
0.0528785162
0.0551887653
0.0573566227
0.0594408581
0.0616458416
0.0638835782
0.0660279228
0.0681730549
0.0702870839
0.0720850390
0.0736539258
0.0753096636
0.0768869630
0.0782922116
0.0798205960
0.0812610247
0.0821631870
0.0828796291
0.0838240068
0.0845841687
0.0849329388
0.0851900935
0.0852114803
0.0847626371
0.0844049489
0.0844700034
0.0843740241
0.0839073057
0.0834381200
0.0828832481
0.0820570887
0.0812391564
0.0806437489
0.0800329308
0.0790663946
0.0778978850
0.0769334800
0.0759323637
0.0746597084
0.0736006654
0.0726517733
0.0713041073
0.0700506162
0.0691631798
0.0679774788
0.0666879755
0.0659381009
0.0652954509
0.0645651198
0.0642817624
0.0642877462
0.0641057900
0.0638992378
0.0639221898
0.0639634405
0.0639095107
0.0640439401
0.0643410586
0.0645262389
0.0647754900
0.0651895762
0.0653858741
0.0654395294
0.0658492242
0.0664084577
0.0666363251
0.0667765246
0.0671433269
0.0674363743
0.0674894242
0.0676150711
0.0678876826
0.0681876412
0.0686295429
0.0689893307
0.0688022200
0.0684195298
0.0684737921
0.0686905604
0.0685777230
0.0683822647
0.0682547297
0.0678529611
0.0672512808
0.0667372119
0.0663166987
0.0659186007
0.0653988288
0.0646966554
0.0638029184
0.0626500138
0.0614038411
0.0602823049
0.0592340830
0.0582721432
0.0574219899
0.0562687332
0.0545843654
0.0528023431
0.0512276342
0.0497479699
0.0484095150
0.0473784366
0.0462476452
0.0445830453
0.0428430355
0.0413778206
0.0397983117
0.0379719050
0.0362439482
0.0347160175
0.0332050887
0.0316410411
0.0299378746
0.0281083822
0.0263946274
0.0248508805
0.0234708030
0.0223179350
0.0212232449
0.0200060012
0.0187138047
0.0174433742
0.0162732742
0.0152205066
0.0142787047
0.0135563564
0.0129693446
0.0122330037
0.0114175099
0.0107287881
0.0100362415
0.0092567676
0.0086721222
0.0084148663
0.0082914457
0.0082165958
0.0080658997
0.0076715553
0.0072618620
0.0070656141
0.0068806122
0.0065587951
0.0062808971
0.0061937665
0.0061276996
0.0059649017
0.0059126859
0.0058269213
0.0054472809
0.0051887408
0.0052389563
0.0051213025
0.0047019015
0.0041743250
0.0035612384
0.0030439620
0.0027392319
0.0022861751
0.0015361721
0.0008139367
0.0003233181
-0.0000196533
-0.0005153737
-0.0013706977
-0.0022037382
-0.0025414311
-0.0026439924
-0.0029343987
-0.0033105754
-0.0036581703
-0.0040605571
-0.0044538235
-0.0046796542
-0.0048502991
-0.0052779315
-0.0058072153
-0.0060718517
-0.0062935487
-0.0066633024
-0.0068123370
-0.0067300158
-0.0067980912
-0.0069630814
-0.0070632371
-0.0071606818
-0.0073298735
-0.0075354708
-0.0075035740
-0.0072304373
-0.0071399297
-0.0072434892
-0.0072456623
-0.0072743206
-0.0075567447
-0.0078532962
-0.0079107542
-0.0079511185
-0.0080938698
-0.0081793226
-0.0083645874
-0.0088398140
-0.0093481318
-0.0096337084
-0.0098064365
-0.0101055746
-0.0106668878
-0.0114869692
-0.0124330505
-0.0133531707
-0.0142977454
-0.0153866935
-0.0164494054
-0.0173082361
-0.0181581587
-0.0191320699
-0.0200214345
-0.0208375101
-0.0218208812
-0.0227302915
-0.0232886889
-0.0238960267
-0.0247059542
-0.0252113698
-0.0254288873
-0.0258343020
-0.0261510847
-0.0258656983
-0.0252970329
-0.0248577959
-0.0244289902
-0.0239422935
-0.0234881796
-0.0229532270
-0.0221534764
-0.0212472538
-0.0203265679
-0.0190821047
-0.0176998420
-0.0167005709
-0.0157309590
-0.0143473151
-0.0131186966
-0.0123765197
-0.0115683403
-0.0105204940
-0.0095691714
-0.0087969786
-0.0081395942
-0.0076234701
-0.0071467750
-0.0065205564
-0.0059576117
-0.0058102169
-0.0058982728
-0.0059664853
-0.0062545376
-0.0069275838
-0.0075756838
-0.0080257899
-0.0088070212
-0.0099722748
-0.0109817910
-0.0118672538
-0.0129203482
-0.0140747923
-0.0153654351
-0.0168708852
-0.0183081907
-0.0195338259
-0.0208174955
-0.0223416856
-0.0239400258
-0.0253994992
-0.0268249482
-0.0283146775
-0.0297707151
-0.0311712683
-0.0324460505
-0.0335395707
-0.0346028462
-0.0357212222
-0.0367071014
-0.0374796062
-0.0382226786
-0.0388107452
-0.0389929514
-0.0390110151
-0.0391189229
-0.0391552121
];
