function std = stdsForC()
    std = [0.263927525817703;0.265266539170961;0.265603107227898;0.266112789431303;0.266806604879993;0.266636068023312;0.266371837262357;0.266870880980912;0.26686814676333;0.266944336953414;0.267203197893326;0.267823082037442;0.268328320918434;0.268677103946779;0.269343211315306;0.269922598791165;0.271329583826761;0.272190828602516;0.273199730929333;0.27491815847859;0.276240311501323;0.276468526804672;0.277007094938945;0.278308797945063;0.277845418691147;0.278052486961176;0.278925194847665;0.279455681361875;0.279057895090838;0.279477218154397;0.280259478829324;0.280344335718568;0.280351774201909;0.280421803163614;0.280547069024042;0.2803737677858;0.280144774645264;0.280401575826817;0.28035390305738;0.279789031874823;0.279457366193454;0.279891936128253;0.279745949913291;0.279314862504662;0.279267028989444;0.279242461706369;0.27901753579592;0.279218526996126;0.279325141697897;0.27966668277847;0.279040835451113;0.278643603431424;0.278577316362795;0.278819367096526;0.278298609237597;0.278488157446892;0.279320159111381;0.279863891716462;0.280481810755501;0.281838899740677;0.283370717099753;0.285304396993369;0.286377487888944;0.288667578709487;0.291228919633829;0.293774057240969;0.295671335117419;0.298539966575876;0.301022438468406;0.303303628748079;0.305464614900501;0.308185092576067;0.30974186525535;0.31034582009751;0.3105987120976;0.311107407469364;0.3110854999298;0.309717736040253;0.308502191084198;0.307035873221556;0.304948005107718;0.303028950674335;0.300841950196001;0.298883309701185;0.295507457243302;0.293070116286311;0.29107730371606;0.288244137925654;0.286267269348685;0.285050472355617;0.28306958096898;0.281810393289071;0.280751394494247;0.279829445558367;0.279146306413764;0.279465253411736;0.279474358258153;0.279849969803658;0.279859200465696;0.280728533375267;0.281107152272365;0.281371487972079;0.281389086465304;0.281564818902224;0.281965068859957;0.28225153568523;0.282002578473843;0.281950739661353;0.281195920386118;0.280566796310277;0.279712558671134;0.279126934146499;0.277979712730953;0.277233759031635;0.27571578385199;0.274049503435006;0.272724224508466;0.271148730555311;0.269643846137148;0.268401126797532;0.267104844482823;0.266112885330478;0.264474860947749;0.263875300615796;0.262621570731337;0.262201500613085;0.26155466750654;0.260878292438451;0.260752917769143;0.261081919182402;0.261248427181435;0.261927409978438;0.262635305325668;0.263995289686117;0.264883298383166;0.266651987043412;0.26797790958136;0.269561468305158;0.271375732741646;0.273590209327726;0.275042567438888;0.276927886865546;0.278673292382525;0.280197028906616;0.281202920645624;0.281836411408032;0.282746620513001;0.28283317565078;0.282021061318945;0.281458476167625;0.280395016573891;0.278796118811124;0.276161728927504;0.274588580035666;0.272427540351294;0.269658319730601;0.267915338627172;0.265980007774419;0.263767571260391;0.26205590426977;0.260855683377188;0.259719814920549;0.258716251267879;0.257852166893532;0.257340244289524;0.257713604155857;0.257816187255718;0.258182893532903;0.259413535306856;0.260355519574526;0.261246505911219;0.262586786525664;0.263604918421977;0.264548300198412;0.265640908674258;0.266682039255042;0.267606729536901;0.268206686808474;0.269172376168421;0.269411974519898;0.269647302132936;0.269614182607468;0.269580799275505;0.26926206833659;0.268624315966374;0.267679239547329;0.267067201450066;0.265985985290161;0.264627666890245;0.263500928209309;0.262672512387868;0.261282704433342;0.25964189256139;0.258827236012502;0.257340081383422;0.256178603359786;0.255291354486566;0.254715195017267;0.253714729712153;0.252949327118664;0.252652843045788;0.252079591563988;0.25172123855011;0.251554154432458;0.251061615158939;0.251095316726552;0.251235152132349;0.251611698437363;0.251719337129121;0.252232590053364;0.252580730465201;0.25300747057103;0.253451032488931;0.253965333045333;0.254200393196161;0.254734039871526;0.254883861501187;0.255438154766914;0.255535429751032;0.255891412014684;0.255695234882556;0.255955022867252;0.256247923586002;0.256699398371755;0.256689892982221;0.256787678398579;0.256546213007738;0.256316890783417;0.25626309605064;0.255955508167417;0.255370564218881;0.254760602098755;0.254664365881771;0.253972375048061;0.253826882760249;0.253303980327268;0.252987791033687;0.252720118199172;0.252232172706712;0.252484993295026;0.252857209782594;0.252843512460758;0.253188003684275;0.253951608598078;0.255097987622669;0.256373715317643;0.258197696219501;0.260430920538828;0.262554855002695;0.264932915780337;0.267912980623277;0.270169843450294;0.272375405494364;0.27366594556338;0.27467879342342;0.27486762920163;0.275057499495517;0.273916644650106;0.272724491224212;0.270308968643383;0.267518364144268;0.264464467401673;0.261048049920873;0.257254805037453;0.253527798171733;0.249712008593204;0.246510830344082;0.243061544291066;0.240610007713422;0.238795101005559;0.237306504312794;0.236845991797776;0.237338696991689;0.238328937926826;0.240496213500952;0.24380648653681;0.247152469756257;0.251226012865894;0.255579280433958;0.2601219087715;0.264960006154708;0.269770560356873;0.274216067686615;0.278508554037277;0.283181226863663;0.287162056822121;0.290639595022984;0.294234290754377;0.296742527962988;0.298222372539294;0.299420038949284;0.299610824874276;0.299079053104104;0.298903138971883;0.296893514336665;0.294310344002453;0.29197316879582;0.2886086792343;0.28472963753906;0.281555607305402;0.278512952153006;0.275017135028746;0.272607400999088;0.270715244279287;0.268761626854236;0.268131697845789;0.268359548074806;0.26891335670103;0.270590107651593;0.273527568686178;0.276885126115632;0.281550901813263;0.286611032257367;0.292082053921736;0.298533043638856;0.304923095426125;0.31098784470759;0.317226201669155;0.322428528440326;0.326973030916439;0.330776388188313;0.334129018143416;0.335827992301919;0.33723086542926;0.33731418366526;0.33658971152479;0.335397262033627;0.33264107351653;0.329467539094496;0.325777332900227;0.321195994228623;0.315953628964685;0.310835823091354;0.306209287723083;0.30070981968173;0.296090712316499;0.292143311854354;0.288325612249348;0.284416268807386;0.281787518952767;0.279960029638553;0.278374296636408;0.277630266593223;0.277668197723793;0.278043172520954;0.279219556334928;0.280931353450826;0.283085471998944;0.284617772780619;0.286665508548445;0.28867922095534;0.291137467397282;0.292874482103771;0.294234227076635;0.295639874428096;0.296604026025049;0.297045279069305;0.297379290141247;0.29707758922134;0.296697323066777;0.295602571707375;0.29412180179792;0.292597545703581;0.29071549744381;0.288426392165112;0.285894618359229;0.283226551725041;0.280168009875194;0.277620705577922;0.275069270103736;0.272394029056691;0.269984375583011;0.267472245477399;0.265213739025875;0.262386194065833;0.260062013033809;0.258434029169719;0.256526552687434;0.254903519285301;0.253792183047719;0.252963440897792;0.251816999232846;0.251288482443828;0.250780925870387;0.250093590386935;0.249805284443834;0.249560687978354;0.249626356555796;0.249278238614428;0.2496342600489;0.249616610298755;0.250097045816927;0.250412971069894;0.250495459345357;0.251073074266491;0.251355397588196;0.251904382204355;0.25230903473585;0.252838161513701;0.253420007868496;0.253549392671655;0.253431731755244;0.253146516815202;0.253149426072666;0.252701575280823;0.252199834556321;0.251455880342722;0.250696692972853;0.249366084235486;0.248349607540674;0.247001011119187;0.245089938315779;0.243478597777195;0.242102668761823;0.24061080229614;0.239693091762098;0.238681322162796;0.23785350477834;0.236606069073359;0.236317661661448;0.235838600120924;0.235895506824891;0.236011222446627;0.236161539242368;0.236476737233111;0.23713301445345;0.237617547821052;0.238239768039457;0.23921218639795;0.239836989759068;0.240796176326674;0.241601146378511;0.242261741930894;0.243488522717657;0.244595838457688;0.245430407169107;0.245870874069041;0.246355251706325;0.24689945466632;0.247259421567068;0.247363788272999;0.247097258703851;0.247127305126651;0.247364141359553;0.246955457740435;