avg_array = [
-0.0480272342
-0.0478042673
-0.0473946180
-0.0471336636
-0.0469003791
-0.0462625547
-0.0450938699
-0.0438080366
-0.0428760101
-0.0421841239
-0.0411826509
-0.0396074273
-0.0378267231
-0.0361823064
-0.0347253726
-0.0334902944
-0.0323117820
-0.0311362456
-0.0299986708
-0.0288434032
-0.0279875804
-0.0273154305
-0.0261809821
-0.0248815707
-0.0241303971
-0.0238474043
-0.0234945527
-0.0230045246
-0.0230241022
-0.0236952699
-0.0243886872
-0.0250910404
-0.0262918391
-0.0276288524
-0.0283676565
-0.0288187333
-0.0295366861
-0.0303261624
-0.0311144506
-0.0321613604
-0.0332268559
-0.0339442082
-0.0348413420
-0.0361840094
-0.0369374924
-0.0368391884
-0.0368931352
-0.0370030268
-0.0364721763
-0.0359257926
-0.0356277939
-0.0345356171
-0.0328141576
-0.0315125798
-0.0299558900
-0.0271234237
-0.0239237811
-0.0210970708
-0.0175349405
-0.0130739412
-0.0088662372
-0.0043769830
0.0009900022
0.0060694152
0.0110973198
0.0173260946
0.0237250086
0.0292732397
0.0353286137
0.0423638171
0.0490844922
0.0557621721
0.0632820643
0.0707194697
0.0777607800
0.0853583630
0.0930562946
0.1001959105
0.1077363861
0.1159605874
0.1238517258
0.1315047210
0.1395577546
0.1474929298
0.1550998500
0.1629511853
0.1708048039
0.1781792308
0.1854406640
0.1926515959
0.1992111997
0.2052220595
0.2111626411
0.2168660531
0.2221245663
0.2269331305
0.2312851081
0.2352145512
0.2383998718
0.2406686013
0.2424578478
0.2437708288
0.2442979035
0.2444266087
0.2442092032
0.2430294713
0.2413004711
0.2396467480
0.2374437296
0.2342567310
0.2307167771
0.2272984249
0.2235760488
0.2193949656
0.2151442267
0.2104524653
0.2051816275
0.2001770610
0.1954240640
0.1904011157
0.1853547631
0.1801021743
0.1742182401
0.1684395095
0.1634792143
0.1587708737
0.1537492220
0.1489788620
0.1446924466
0.1401356471
0.1355581004
0.1317065583
0.1279163780
0.1238087994
0.1203095581
0.1173770199
0.1142198077
0.1111812200
0.1085383026
0.1059259012
0.1035476118
0.1017728084
0.1004172828
0.0990095276
0.0974164432
0.0958522261
0.0942537282
0.0925552914
0.0909757996
0.0896840545
0.0887806391
0.0880122232
0.0869961245
0.0859359052
0.0851239582
0.0843849603
0.0835711880
0.0828783745
0.0822510134
0.0814908022
0.0808343986
0.0801675911
0.0791471913
0.0782102557
0.0776874479
0.0771950577
0.0766009768
0.0759977698
0.0750495836
0.0737860767
0.0728100831
0.0719244650
0.0705186876
0.0689272331
0.0675611418
0.0660436849
0.0643780882
0.0629684072
0.0615610598
0.0601364931
0.0590083790
0.0576387269
0.0557451463
0.0539788068
0.0523738555
0.0504510317
0.0484238983
0.0466296264
0.0449324791
0.0432221577
0.0415364677
0.0399174890
0.0382957706
0.0363854022
0.0343878810
0.0329272817
0.0317134807
0.0302493797
0.0290546218
0.0282463464
0.0272301033
0.0262302848
0.0254906992
0.0247094179
0.0241123777
0.0235746902
0.0226330044
0.0217957696
0.0212733716
0.0205391918
0.0197056230
0.0189741042
0.0180796494
0.0172670550
0.0168608492
0.0163712354
0.0155143724
0.0146141135
0.0137313346
0.0127679067
0.0118570687
0.0110295984
0.0100227824
0.0089152318
0.0082098097
0.0077512009
0.0069799461
0.0061085804
0.0055132585
0.0048529799
0.0038850508
0.0030742077
0.0025558991
0.0019422716
0.0013788374
0.0009259184
0.0002219651
-0.0004754757
-0.0009692184
-0.0016520295
-0.0024830253
-0.0031065436
-0.0036096425
-0.0042070649
-0.0047011433
-0.0048507057
-0.0050019168
-0.0055588102
-0.0062452061
-0.0067846448
-0.0072924095
-0.0077207205
-0.0081218209
-0.0087663516
-0.0095512747
-0.0101452165
-0.0105182119
-0.0109380036
-0.0114437037
-0.0118501968
-0.0122344561
-0.0125050079
-0.0126173746
-0.0130886913
-0.0137806694
-0.0142818404
-0.0150380816
-0.0159345957
-0.0163376679
-0.0165497185
-0.0169204348
-0.0172365926
-0.0176218224
-0.0181882527
-0.0186121074
-0.0188611137
-0.0191059044
-0.0193578006
-0.0197831322
-0.0204987014
-0.0211702064
-0.0215449115
-0.0217962472
-0.0220950122
-0.0223904980
-0.0224483043
-0.0222556877
-0.0221564191
-0.0224220361
-0.0230956850
-0.0238059038
-0.0240142926
-0.0239357294
-0.0241184107
-0.0242557334
-0.0241201397
-0.0243928549
-0.0251080053
-0.0254514461
-0.0253874151
-0.0253751201
-0.0253515016
-0.0253856784
-0.0257603748
-0.0260775001
-0.0259831007
-0.0258302626
-0.0257362877
-0.0256854137
-0.0259207693
-0.0261608439
-0.0260758444
-0.0260807050
-0.0263185701
-0.0264067645
-0.0262238602
-0.0257062845
-0.0250229812
-0.0249849073
-0.0258967216
-0.0267124285
-0.0266361841
-0.0262438659
-0.0259952629
-0.0257971018
-0.0258973785
-0.0263124443
-0.0265566195
-0.0265098527
-0.0264684381
-0.0265410306
-0.0266264382
-0.0268268505
-0.0272331854
-0.0275702067
-0.0278587717
-0.0283805497
-0.0287583908
-0.0288193498
-0.0290734944
-0.0293429257
-0.0292695554
-0.0293154249
-0.0296151302
-0.0297302163
-0.0296990772
-0.0298157378
-0.0299098803
-0.0298415457
-0.0300616440
-0.0305185898
];
