avg_array = [
-0.0389957953
-0.0389334961
-0.0386718766
-0.0385603809
-0.0383487883
-0.0379406476
-0.0374751097
-0.0368237135
-0.0362343396
-0.0358562750
-0.0350179154
-0.0337230270
-0.0327980034
-0.0321273282
-0.0310234188
-0.0296447696
-0.0284760682
-0.0273221829
-0.0259277092
-0.0245893641
-0.0235234241
-0.0225914208
-0.0215020082
-0.0202226610
-0.0191830622
-0.0184109987
-0.0176314234
-0.0168910706
-0.0160355729
-0.0150220395
-0.0141532846
-0.0131585824
-0.0118828528
-0.0109213399
-0.0100349656
-0.0084741372
-0.0067328722
-0.0052876175
-0.0034257391
-0.0011915420
0.0004907407
0.0022203513
0.0048804518
0.0073791720
0.0091003053
0.0112977831
0.0141483253
0.0166479360
0.0191376914
0.0222553740
0.0253733926
0.0283478200
0.0318504875
0.0353505092
0.0385338248
0.0425792842
0.0472377186
0.0512822411
0.0553818215
0.0602359295
0.0650629211
0.0698774733
0.0750858072
0.0799469931
0.0845647831
0.0896328179
0.0945361094
0.0991109776
0.1040673845
0.1091020899
0.1136913915
0.1182657231
0.1230504413
0.1276347842
0.1321570135
0.1370646505
0.1417708823
0.1457045240
0.1495039747
0.1534164649
0.1570147586
0.1605894152
0.1644916627
0.1684382566
0.1723154599
0.1761607625
0.1797654493
0.1830184156
0.1859936702
0.1886928883
0.1913720613
0.1943870588
0.1972607364
0.1997072057
0.2023120768
0.2047005229
0.2061078296
0.2072186806
0.2086614006
0.2098409127
0.2103990347
0.2106835199
0.2108689831
0.2109026858
0.2108832698
0.2107778620
0.2103870822
0.2098665248
0.2092082583
0.2078851915
0.2061056244
0.2045933606
0.2030587105
0.2011349735
0.1992268815
0.1972409594
0.1947106625
0.1918607000
0.1890257095
0.1859192075
0.1825829667
0.1795002975
0.1763483916
0.1728178482
0.1692372193
0.1654457992
0.1613635287
0.1574497766
0.1535667523
0.1494620205
0.1455241121
0.1416169729
0.1371470563
0.1325011844
0.1282776778
0.1241631684
0.1200269560
0.1161540769
0.1123347208
0.1085132653
0.1050238866
0.1016421086
0.0979452329
0.0941184437
0.0905847525
0.0876119590
0.0851632824
0.0826720500
0.0797130473
0.0765887249
0.0737153965
0.0710754776
0.0687998075
0.0673449869
0.0662199640
0.0645214998
0.0625687487
0.0609896545
0.0596861386
0.0584400673
0.0574054172
0.0567515906
0.0561898092
0.0555514800
0.0551201328
0.0545653048
0.0534123852
0.0523646043
0.0518720151
0.0513464704
0.0506955293
0.0501787414
0.0494444874
0.0482972209
0.0473000003
0.0467122306
0.0460633972
0.0451831269
0.0443320382
0.0434086823
0.0421881869
0.0409946088
0.0400633785
0.0391024023
0.0380633225
0.0370525633
0.0359936447
0.0350138665
0.0340679557
0.0327516526
0.0311936850
0.0299130800
0.0288287331
0.0275156042
0.0260278507
0.0247048158
0.0233842841
0.0217771559
0.0202621812
0.0190569658
0.0178315824
0.0165562835
0.0153555947
0.0140993140
0.0127728759
0.0116230307
0.0106647894
0.0097137624
0.0087362593
0.0076427566
0.0065257874
0.0056228888
0.0046240528
0.0033693608
0.0024458563
0.0020364470
0.0017000322
0.0012773067
0.0008714693
0.0004790699
0.0001161593
-0.0001163997
-0.0004226719
-0.0010446822
-0.0016322501
-0.0020135439
-0.0025708106
-0.0031888806
-0.0034049235
-0.0035721921
-0.0042277127
-0.0048279496
-0.0049756516
-0.0051218719
-0.0052796555
-0.0054298264
-0.0057245018
-0.0058013721
-0.0057087118
-0.0059457295
-0.0062600645
-0.0062336990
-0.0063222732
-0.0067463066
-0.0069111304
-0.0068242136
-0.0070380446
-0.0074543391
-0.0075458124
-0.0072553637
-0.0070203725
-0.0069686310
-0.0069513446
-0.0070818442
-0.0073063469
-0.0072859751
-0.0070587301
-0.0069699954
-0.0070558801
-0.0070534202
-0.0068163741
-0.0064898683
-0.0063237748
-0.0062775579
-0.0062287561
-0.0062330568
-0.0062822712
-0.0065120964
-0.0070124953
-0.0074732915
-0.0078104553
-0.0081876729
-0.0086574344
-0.0092819310
-0.0098670073
-0.0103478898
-0.0110680135
-0.0118450513
-0.0123278518
-0.0127659610
-0.0132774495
-0.0137774700
-0.0143900947
-0.0149718635
-0.0153100144
-0.0156444026
-0.0160842267
-0.0163738392
-0.0166573037
-0.0172955292
-0.0180573086
-0.0185964021
-0.0189268161
-0.0191259552
-0.0193176618
-0.0197195748
-0.0204560310
-0.0213102179
-0.0220974991
-0.0228927521
-0.0234636159
-0.0237538930
-0.0242068483
-0.0247670295
-0.0251267292
-0.0255581610
-0.0263157654
-0.0269800867
-0.0272582833
-0.0276181447
-0.0282112265
-0.0285330038
-0.0287060393
-0.0292266623
-0.0296359337
-0.0295563076
-0.0296333936
-0.0299832751
-0.0301647300
-0.0303941183
-0.0307935966
-0.0310620142
-0.0313427878
-0.0318695231
-0.0323923106
-0.0326984150
-0.0329466066
-0.0334854559
-0.0344193184
-0.0353367241
-0.0360693882
-0.0367964292
-0.0374521092
-0.0380747834
-0.0387805146
-0.0394860657
-0.0399643273
-0.0400247858
-0.0400053185
-0.0403589581
-0.0408003026
-0.0409018672
-0.0409696739
-0.0412665813
-0.0414334828
];
