avg_array = [
-0.0322990299
-0.0317328575
-0.0310697177
-0.0303014887
-0.0294728404
-0.0287843144
-0.0283189396
-0.0277467996
-0.0268147966
-0.0256904172
-0.0245921398
-0.0234061855
-0.0220468725
-0.0208507038
-0.0198549288
-0.0186030497
-0.0171754892
-0.0159613942
-0.0147389875
-0.0133119695
-0.0121173742
-0.0113544001
-0.0105264179
-0.0095188268
-0.0088990814
-0.0085901615
-0.0080788627
-0.0076569848
-0.0076412664
-0.0077076070
-0.0077849846
-0.0081063515
-0.0085492978
-0.0088981959
-0.0092220488
-0.0096258708
-0.0102088626
-0.0109657845
-0.0116452564
-0.0122512799
-0.0129163842
-0.0134512861
-0.0138974173
-0.0144265588
-0.0147663594
-0.0149808607
-0.0155650315
-0.0162300073
-0.0164694447
-0.0166196496
-0.0169008526
-0.0170285994
-0.0170504772
-0.0171294300
-0.0171028443
-0.0168792767
-0.0165597605
-0.0162203594
-0.0159798634
-0.0158911962
-0.0157233631
-0.0153135012
-0.0148332523
-0.0142630359
-0.0133598855
-0.0123089713
-0.0114602825
-0.0106693733
-0.0095596562
-0.0082841329
-0.0071545535
-0.0058731770
-0.0043865307
-0.0030835239
-0.0017845951
-0.0002610431
0.0011090558
0.0021972463
0.0034326942
0.0048071067
0.0059250928
0.0069641169
0.0080775185
0.0089055318
0.0094817576
0.0100815009
0.0106724837
0.0112038727
0.0116422932
0.0119943635
0.0122950140
0.0124784880
0.0125875534
0.0127527353
0.0129090018
0.0129058565
0.0127357658
0.0124698719
0.0123964846
0.0128068122
0.0133021841
0.0135093377
0.0138279421
0.0143154527
0.0145194246
0.0146884796
0.0153170058
0.0160510540
0.0165386291
0.0172291909
0.0183000798
0.0193398710
0.0203372901
0.0214970540
0.0227042189
0.0239104333
0.0252084403
0.0266552918
0.0281425891
0.0293841136
0.0305753425
0.0321421225
0.0337813316
0.0352033025
0.0367496894
0.0384549127
0.0401318473
0.0419994171
0.0439408787
0.0455304246
0.0471304609
0.0491472857
0.0510903278
0.0527660710
0.0546799122
0.0568849376
0.0589896953
0.0609374155
0.0628466509
0.0646775568
0.0664292820
0.0681591215
0.0698480161
0.0714338800
0.0729094220
0.0742226964
0.0752779986
0.0762259208
0.0771870611
0.0780446978
0.0787881676
0.0793964131
0.0797032388
0.0796913904
0.0795132391
0.0792381394
0.0789580273
0.0787611257
0.0784220229
0.0778409217
0.0772208925
0.0765110258
0.0756274907
0.0747038962
0.0737795211
0.0729065510
0.0721608171
0.0713009196
0.0701597873
0.0691191146
0.0683006589
0.0672949474
0.0662093980
0.0654678251
0.0648987540
0.0641624627
0.0632993896
0.0624633017
0.0617811370
0.0612251762
0.0605544699
0.0597771160
0.0591400138
0.0586694217
0.0581748968
0.0575575621
0.0568729128
0.0561933999
0.0555998382
0.0551304952
0.0547415621
0.0543833197
0.0540183531
0.0536440031
0.0533046284
0.0530016017
0.0527817980
0.0527156260
0.0525873242
0.0522769289
0.0520043509
0.0517235944
0.0513498095
0.0510116744
0.0505281218
0.0499301230
0.0496086016
0.0493270358
0.0487290508
0.0480889602
0.0475848579
0.0470015639
0.0462660763
0.0454700466
0.0445748832
0.0435777664
0.0425953951
0.0415989223
0.0404340924
0.0391462149
0.0379747547
0.0369566857
0.0359842553
0.0351205798
0.0343819145
0.0336035075
0.0327896918
0.0320360687
0.0312213976
0.0303975130
0.0298144610
0.0293853893
0.0289610575
0.0286279009
0.0283888187
0.0281138785
0.0277109871
0.0272022134
0.0266800710
0.0262295546
0.0259130030
0.0256440092
0.0252852235
0.0248888120
0.0244648484
0.0239380615
0.0234060543
0.0228765647
0.0221753819
0.0213294126
0.0206120671
0.0200961225
0.0194553138
0.0185051423
0.0174929225
0.0166430947
0.0159232601
0.0154058161
0.0151530123
0.0148627754
0.0144338041
0.0140899650
0.0137876906
0.0134716934
0.0132929639
0.0131283843
0.0128358765
0.0126842576
0.0127611284
0.0127556358
0.0125562769
0.0124152500
0.0123717763
0.0120744204
0.0116144385
0.0113852369
0.0113597860
0.0115352923
0.0117908125
0.0116803502
0.0113368823
0.0111913893
0.0111314806
0.0110580073
0.0111266418
0.0112769215
0.0113811761
0.0114500395
0.0115036566
0.0114427844
0.0113416673
0.0115680314
0.0119835045
0.0121052047
0.0120366251
0.0120292903
0.0120602918
0.0121337517
0.0123296873
0.0127197016
0.0131080133
0.0131536838
0.0129524124
0.0128230184
0.0126860591
0.0125208751
0.0126319487
0.0128058303
0.0126003122
0.0122210531
0.0119849559
0.0117731198
0.0114178509
0.0109512255
0.0105079370
0.0101070042
0.0095492542
0.0088065177
0.0080885899
0.0074274478
0.0066961364
0.0058696735
0.0050883096
0.0045032967
0.0040511057
0.0035681944
0.0030416681
0.0025175781
0.0020106726
0.0014817905
0.0009256402
0.0004869411
0.0001689730
-0.0000940947
-0.0002832508
-0.0005156050
-0.0008608974
-0.0012983128
-0.0018522473
-0.0024604760
-0.0029189653
-0.0030758254
-0.0031857979
-0.0035263287
-0.0038971985
-0.0042333540
-0.0046821214
-0.0050546373
-0.0052746173
-0.0054800520
-0.0056109563
-0.0057663722
-0.0060618923
-0.0062741851
-0.0063717559
-0.0066091816
-0.0070016998
-0.0073210024
-0.0075462856
-0.0078226121
-0.0080942962
-0.0083445193
-0.0087476743
-0.0092553981
-0.0096358067
-0.0099026484
-0.0102857302
-0.0107906023
-0.0112908251
-0.0119721782
-0.0129194306
-0.0137537213
-0.0142972513
-0.0149328355
-0.0159259834
-0.0170013343
-0.0178652295
-0.0185433041
-0.0191357351
-0.0197149315
-0.0203895649
-0.0211652504
-0.0217854966
-0.0221634123
-0.0226145067
-0.0231508003
-0.0235487347
-0.0239064398
-0.0242358075
-0.0245395482
-0.0250959442
-0.0257549467
-0.0261238630
-0.0264949356
-0.0272152943
-0.0279170518
-0.0282978241
-0.0285754994
-0.0289570962
-0.0293696530
-0.0296332237
-0.0298200277
-0.0301186528
-0.0303612595
-0.0303995782
-0.0304459680
-0.0305730418
-0.0305927246
-0.0304907829
-0.0304876994
-0.0305954994
-0.0305119536
-0.0301283748
-0.0296219680
-0.0291074578
-0.0286156827
-0.0282254586
-0.0279920340
-0.0277656130
-0.0274281974
-0.0270752975
-0.0267330462
-0.0264348181
-0.0262772440
-0.0262583409
-0.0263821496
-0.0265998425
-0.0267829410
-0.0270702570
-0.0276183198
-0.0281248726
-0.0285581497
-0.0293168063
-0.0302518639
-0.0309483707
-0.0314263818
-0.0319536581
-0.0326031904
-0.0332034738
-0.0338008190
-0.0344305033
-0.0349409409
-0.0355632651
-0.0364736491
-0.0373297953
-0.0379333666
-0.0384340077
-0.0388838999
-0.0392070834
-0.0394874086
-0.0398253441
-0.0400644480
-0.0400894602
];
